Sentence ID,Prediction
10102220001,1
10102220002,12
10102220003,10
10102220004,5
10102220005,8
10102220009,5
10102220010,7
10102220011,7
10102220012,1
10102220013,5
10102230001,5
10102230002,12
10102230003,8
10102230004,6
10102230005,9
10102230006,9
10102230007,5
10102230008,8
10102230009,8
10102230010,10
10102230011,7
10102230012,1
10102230013,5
10102230014,6
10102230015,9
10102230016,6
10102230017,7
10102230018,8
10102230019,2
10102230020,10
10102230021,9
10102230022,8
10102230023,10
10102230025,12
10102240001,7
10102240002,6
10102240003,11
10102240004,11
10102240005,11
10102240006,8
10102240007,8
10102240008,8
10102240009,10
10102240010,12
10102240011,7
10102240012,8
10102240013,10
10102240014,10
10102240015,7
10102240016,9
10102240017,9
10102240018,11
10102240019,11
10102240020,7
10102240021,1
10102240022,8
10102240023,8
10102240024,6
10102240025,7
10102240026,8
10102240027,11
10102240028,8
10102250001,7
10102250002,6
10102250003,8
10102250004,8
10102250005,13
10102250006,4
10102250007,7
10102250008,5
10102250009,10
10102250010,9
10102250011,10
10102250012,8
10102250013,9
10102250014,9
10102250015,6
10102250016,10
10102250017,1
10102250018,5
10102250019,5
10102250021,7
10102250022,5
10102250023,5
10102250024,10
10102250026,10
10102250027,8
10102250028,5
10102250029,2
10102250031,8
10102250032,10
10102250033,1
10102250034,13
10102250035,9
10102250036,9
10102250037,10
10102250038,1
10102250039,10
10102250040,10
10102250041,10
10102250042,9
10102250043,9
10102260002,9
10102260003,8
10102260004,13
10102260005,10
10102260006,7
10102260007,12
10102260008,10
10102260009,9
10102260010,8
10102260011,9
10102260012,6
10102260013,5
10102260014,10
10102260015,10
10102260016,8
10102260017,11
10102260018,8
10102260019,9
10102260020,5
10102260021,10
10102260022,11
10102260023,9
10102260024,7
10102260025,8
10102260026,8
10102260027,10
10102260028,2
10102260029,9
10102260030,10
10102260031,11
10102260032,12
10102260033,9
10102270001,5
10102270002,7
10102270003,6
10102270004,5
10102270005,5
10102270006,13
10102270007,8
10102270008,12
10102270009,10
10102270010,12
10102270011,9
10102270012,5
10102270013,13
10102270014,10
10102270015,7
10102270016,11
10102270017,11
10102270018,10
10102270019,9
10102270020,11
10102270021,11
10102270023,11
10102270024,12
10102270025,8
10102270026,8
10102270027,8
10102270028,10
10102270029,11
10102270030,12
10102270031,6
10102270032,13
10102270033,12
10102270034,13
10102270035,14
10102270036,8
10102270037,8
10102270038,10
10102270039,13
10102270040,14
10102270041,12
10102270042,7
10102270043,12
10102270044,13
10102270045,14
10102270046,11
10102270047,12
10102270048,13
10102270049,11
10102270050,12
10102270051,10
10102270052,12
10102270053,13
10102270054,10
10102270055,10
10102280002,11
10102280003,7
10102280005,4
10102280006,8
10102280007,8
10102280008,5
10102280009,10
10102280010,9
10102280011,8
10102280014,5
10102280015,8
10102280016,4
10102290001,7
10102290002,6
10102290003,6
10102290004,13
10102290005,12
10102290006,5
10102290007,10
10102290008,10
10102290009,12
10102290010,8
10102290011,10
10102290012,5
10102290013,11
10102290014,9
10102290015,11
10102290016,9
10102290017,9
10102290018,10
10102290019,9
10102290020,10
10102290021,7
10102290022,7
10102290023,11
10102300001,11
10102300002,8
10102300003,8
10102300004,13
10102300005,7
10102300006,11
10102300007,14
10102300008,13
10102300009,14
10102300010,8
10102300011,2
10102300012,11
10102300013,13
10102300014,14
10102300015,14
10102300016,10
10102300017,8
10102300018,14
10102300019,10
10102300020,14
10102300021,14
10102300022,9
10102300023,14
10102300024,11
10102300025,15
10102310001,6
10102310002,10
10102310004,12
10102310005,9
10102310006,10
10102310007,10
10102310008,11
10102310009,8
10102310010,6
10102310011,7
10102310012,10
10102310013,11
10102310014,10
10102310015,10
10102310016,5
10102310018,8
10102310019,9
10102310020,11
10102320001,9
10102320002,9
10102320003,7
10102320004,13
10102320005,13
10102320006,13
10102320007,12
10102320008,11
10102320009,9
10102320010,13
10102320011,14
10102320012,14
10102320013,9
10102320014,14
10102320015,14
10102320016,14
10102320017,12
10102320018,11
10102330001,9
10102330002,14
10102330003,13
10102330004,12
10102340001,5
10102340002,4
10102340003,13
10102340004,14
10102340005,14
10102340006,14
10102340007,14
10102340008,11
10102340009,11
10102340010,12
10102340011,12
10102340012,10
